{
  "scene_name": "0edad579dcd9431e9b91c1fff4b84700_env_0",
  "frames": [
    {
      "image_path": "/data/lvsm_scenes_dense/test/images/0edad579dcd9431e9b91c1fff4b84700_env_0/00000.png",
      "fxfycxcy": [
        955.4050067376327,
        955.4050067376327,
        256.0,
        256.0
      ],
      "w2c": [
        [
          0.0,
          1.0,
          0.0,
          0.0
        ],
        [
          0.5000000000000001,
          -0.0,
          -0.8660254037844386,
          2.743576234037584e-16
        ],
        [
          -0.8660254037844385,
          -0.0,
          -0.5000000000000001,
          5.8598834079323865
        ],
        [
          0.0,
          0.0,
          0.0,
          1.0
        ]
      ]
    },
    {
      "image_path": "/data/lvsm_scenes_dense/test/images/0edad579dcd9431e9b91c1fff4b84700_env_0/00001.png",
      "fxfycxcy": [
        955.4050067376327,
        955.4050067376327,
        256.0,
        256.0
      ],
      "w2c": [
        [
          -0.12533323356430423,
          0.9921147013144779,
          -1.2736309922724141e-17,
          8.822600452842827e-17
        ],
        [
          0.4960573506572391,
          0.06266661678215214,
          -0.8660254037844386,
          2.743576234037583e-16
        ],
        [
          -0.8591965348063484,
          -0.10854176420513593,
          -0.5000000000000001,
          5.859883407932387
        ],
        [
          0.0,
          0.0,
          0.0,
          1.0
        ]
      ]
    },
    {
      "image_path": "/data/lvsm_scenes_dense/test/images/0edad579dcd9431e9b91c1fff4b84700_env_0/00002.png",
      "fxfycxcy": [
        955.4050067376327,
        955.4050067376327,
        256.0,
        256.0
      ],
      "w2c": [
        [
          -0.24868988716485477,
          0.9685831611286311,
          -9.772331941482681e-18,
          -1.7873519944135326e-17
        ],
        [
          0.4842915805643157,
          0.12434494358242741,
          -0.8660254037844386,
          2.743576234037584e-16
        ],
        [
          -0.8388176232152307,
          -0.2153717599490498,
          -0.5000000000000001,
          5.8598834079323865
        ],
        [
          0.0,
          0.0,
          0.0,
          1.0
        ]
      ]
    },
    {
      "image_path": "/data/lvsm_scenes_dense/test/images/0edad579dcd9431e9b91c1fff4b84700_env_0/00003.png",
      "fxfycxcy": [
        955.4050067376327,
        955.4050067376327,
        256.0,
        256.0
      ],
      "w2c": [
        [
          -0.368124552684678,
          0.9297764858882513,
          -9.163114824091861e-17,
          1.1669374054491731e-15
        ],
        [
          0.46488824294412584,
          0.184062276342339,
          -0.8660254037844384,
          -2.384324262985254e-16
        ],
        [
          -0.8052100566206494,
          -0.31880521438171405,
          -0.5000000000000002,
          5.859883407932387
        ],
        [
          0.0,
          0.0,
          0.0,
          1.0
        ]
      ]
    },
    {
      "image_path": "/data/lvsm_scenes_dense/test/images/0edad579dcd9431e9b91c1fff4b84700_env_0/00004.png",
      "fxfycxcy": [
        955.4050067376327,
        955.4050067376327,
        256.0,
        256.0
      ],
      "w2c": [
        [
          -0.4817536741017153,
          0.8763066800438636,
          5.708674685562926e-17,
          -2.7598546086921436e-17
        ],
        [
          0.43815334002193196,
          0.24087683705085772,
          -0.8660254037844388,
          2.743576234037583e-16
        ],
        [
          -0.7589038464239878,
          -0.4172109201385748,
          -0.5,
          5.859883407932387
        ],
        [
          0.0,
          0.0,
          0.0,
          1.0
        ]
      ]
    },
    {
      "image_path": "/data/lvsm_scenes_dense/test/images/0edad579dcd9431e9b91c1fff4b84700_env_0/00005.png",
      "fxfycxcy": [
        955.4050067376327,
        955.4050067376327,
        256.0,
        256.0
      ],
      "w2c": [
        [
          -0.5877852522924731,
          0.8090169943749477,
          8.089138851855895e-17,
          -1.5954845789290955e-15
        ],
        [
          0.4045084971874737,
          0.2938926261462365,
          -0.8660254037844386,
          1.538370149106851e-15
        ],
        [
          -0.7006292692220368,
          -0.509036960455127,
          -0.5,
          5.859883407932386
        ],
        [
          0.0,
          0.0,
          0.0,
          1.0
        ]
      ]
    }
  ]
}