{
  "scene_name": "2913b959448b435e9aed0fcc4897cf1a_multi_pl_0",
  "frames": [
    {
      "image_path": "/data/lvsm_scenes_dense/test/images/2913b959448b435e9aed0fcc4897cf1a_multi_pl_0/00000.png",
      "fxfycxcy": [
        955.4050067376327,
        955.4050067376327,
        256.0,
        256.0
      ],
      "w2c": [
        [
          0.0,
          1.0,
          0.0,
          0.0
        ],
        [
          0.5000000000000001,
          -0.0,
          -0.8660254037844386,
          2.743576234037584e-16
        ],
        [
          -0.8660254037844385,
          -0.0,
          -0.5000000000000001,
          5.8598834079323865
        ],
        [
          0.0,
          0.0,
          0.0,
          1.0
        ]
      ]
    },
    {
      "image_path": "/data/lvsm_scenes_dense/test/images/2913b959448b435e9aed0fcc4897cf1a_multi_pl_0/00001.png",
      "fxfycxcy": [
        955.4050067376327,
        955.4050067376327,
        256.0,
        256.0
      ],
      "w2c": [
        [
          -0.12533323356430423,
          0.9921147013144779,
          -1.2736309922724141e-17,
          8.822600452842827e-17
        ],
        [
          0.4960573506572391,
          0.06266661678215214,
          -0.8660254037844386,
          2.743576234037583e-16
        ],
        [
          -0.8591965348063484,
          -0.10854176420513593,
          -0.5000000000000001,
          5.859883407932387
        ],
        [
          0.0,
          0.0,
          0.0,
          1.0
        ]
      ]
    },
    {
      "image_path": "/data/lvsm_scenes_dense/test/images/2913b959448b435e9aed0fcc4897cf1a_multi_pl_0/00002.png",
      "fxfycxcy": [
        955.4050067376327,
        955.4050067376327,
        256.0,
        256.0
      ],
      "w2c": [
        [
          -0.24868988716485477,
          0.9685831611286311,
          -9.772331941482681e-18,
          -1.7873519944135326e-17
        ],
        [
          0.4842915805643157,
          0.12434494358242741,
          -0.8660254037844386,
          2.743576234037584e-16
        ],
        [
          -0.8388176232152307,
          -0.2153717599490498,
          -0.5000000000000001,
          5.8598834079323865
        ],
        [
          0.0,
          0.0,
          0.0,
          1.0
        ]
      ]
    }
  ]
}