{
  "scene_name": "32120af8482e47b19430e15cdc1755b0_combined_3",
  "frames": [
    {
      "image_path": "/data/lvsm_scenes_dense/test/images/32120af8482e47b19430e15cdc1755b0_combined_3/00000.png",
      "fxfycxcy": [
        955.4050067376327,
        955.4050067376327,
        256.0,
        256.0
      ],
      "w2c": [
        [
          0.0,
          1.0,
          0.0,
          0.0
        ],
        [
          0.5000000000000001,
          -0.0,
          -0.8660254037844386,
          2.743576234037584e-16
        ],
        [
          -0.8660254037844385,
          -0.0,
          -0.5000000000000001,
          5.8598834079323865
        ],
        [
          0.0,
          0.0,
          0.0,
          1.0
        ]
      ]
    },
    {
      "image_path": "/data/lvsm_scenes_dense/test/images/32120af8482e47b19430e15cdc1755b0_combined_3/00001.png",
      "fxfycxcy": [
        955.4050067376327,
        955.4050067376327,
        256.0,
        256.0
      ],
      "w2c": [
        [
          -0.12533323356430423,
          0.9921147013144779,
          -1.2736309922724141e-17,
          8.822600452842827e-17
        ],
        [
          0.4960573506572391,
          0.06266661678215214,
          -0.8660254037844386,
          2.743576234037583e-16
        ],
        [
          -0.8591965348063484,
          -0.10854176420513593,
          -0.5000000000000001,
          5.859883407932387
        ],
        [
          0.0,
          0.0,
          0.0,
          1.0
        ]
      ]
    },
    {
      "image_path": "/data/lvsm_scenes_dense/test/images/32120af8482e47b19430e15cdc1755b0_combined_3/00002.png",
      "fxfycxcy": [
        955.4050067376327,
        955.4050067376327,
        256.0,
        256.0
      ],
      "w2c": [
        [
          -0.24868988716485477,
          0.9685831611286311,
          -9.772331941482681e-18,
          -1.7873519944135326e-17
        ],
        [
          0.4842915805643157,
          0.12434494358242741,
          -0.8660254037844386,
          2.743576234037584e-16
        ],
        [
          -0.8388176232152307,
          -0.2153717599490498,
          -0.5000000000000001,
          5.8598834079323865
        ],
        [
          0.0,
          0.0,
          0.0,
          1.0
        ]
      ]
    },
    {
      "image_path": "/data/lvsm_scenes_dense/test/images/32120af8482e47b19430e15cdc1755b0_combined_3/00003.png",
      "fxfycxcy": [
        955.4050067376327,
        955.4050067376327,
        256.0,
        256.0
      ],
      "w2c": [
        [
          -0.368124552684678,
          0.9297764858882513,
          -9.163114824091861e-17,
          1.1669374054491731e-15
        ],
        [
          0.46488824294412584,
          0.184062276342339,
          -0.8660254037844384,
          -2.384324262985254e-16
        ],
        [
          -0.8052100566206494,
          -0.31880521438171405,
          -0.5000000000000002,
          5.859883407932387
        ],
        [
          0.0,
          0.0,
          0.0,
          1.0
        ]
      ]
    },
    {
      "image_path": "/data/lvsm_scenes_dense/test/images/32120af8482e47b19430e15cdc1755b0_combined_3/00004.png",
      "fxfycxcy": [
        955.4050067376327,
        955.4050067376327,
        256.0,
        256.0
      ],
      "w2c": [
        [
          -0.4817536741017153,
          0.8763066800438636,
          5.708674685562926e-17,
          -2.7598546086921436e-17
        ],
        [
          0.43815334002193196,
          0.24087683705085772,
          -0.8660254037844388,
          2.743576234037583e-16
        ],
        [
          -0.7589038464239878,
          -0.4172109201385748,
          -0.5,
          5.859883407932387
        ],
        [
          0.0,
          0.0,
          0.0,
          1.0
        ]
      ]
    },
    {
      "image_path": "/data/lvsm_scenes_dense/test/images/32120af8482e47b19430e15cdc1755b0_combined_3/00005.png",
      "fxfycxcy": [
        955.4050067376327,
        955.4050067376327,
        256.0,
        256.0
      ],
      "w2c": [
        [
          -0.5877852522924731,
          0.8090169943749477,
          8.089138851855895e-17,
          -1.5954845789290955e-15
        ],
        [
          0.4045084971874737,
          0.2938926261462365,
          -0.8660254037844386,
          1.538370149106851e-15
        ],
        [
          -0.7006292692220368,
          -0.509036960455127,
          -0.5,
          5.859883407932386
        ],
        [
          0.0,
          0.0,
          0.0,
          1.0
        ]
      ]
    },
    {
      "image_path": "/data/lvsm_scenes_dense/test/images/32120af8482e47b19430e15cdc1755b0_combined_3/00006.png",
      "fxfycxcy": [
        955.4050067376327,
        955.4050067376327,
        256.0,
        256.0
      ],
      "w2c": [
        [
          -0.6845471059286886,
          0.7289686274214117,
          1.1296912026117927e-16,
          1.4743566150591102e-16
        ],
        [
          0.3644843137107059,
          0.3422735529643444,
          -0.8660254037844389,
          1.0255800994045678e-15
        ],
        [
          -0.6313053499088159,
          -0.5928351838213612,
          -0.5000000000000001,
          5.859883407932388
        ],
        [
          0.0,
          0.0,
          0.0,
          1.0
        ]
      ]
    },
    {
      "image_path": "/data/lvsm_scenes_dense/test/images/32120af8482e47b19430e15cdc1755b0_combined_3/00007.png",
      "fxfycxcy": [
        955.4050067376327,
        955.4050067376327,
        256.0,
        256.0
      ],
      "w2c": [
        [
          -0.7705132427757893,
          0.6374239897486896,
          1.7889286664641524e-17,
          -4.824788856500889e-17
        ],
        [
          0.3187119948743449,
          0.3852566213878946,
          -0.8660254037844385,
          3.7561123800040467e-16
        ],
        [
          -0.5520253681039968,
          -0.6672840421961602,
          -0.5000000000000002,
          5.859883407932389
        ],
        [
          0.0,
          0.0,
          0.0,
          1.0
        ]
      ]
    },
    {
      "image_path": "/data/lvsm_scenes_dense/test/images/32120af8482e47b19430e15cdc1755b0_combined_3/00008.png",
      "fxfycxcy": [
        955.4050067376327,
        955.4050067376327,
        256.0,
        256.0
      ],
      "w2c": [
        [
          -0.8443279255020151,
          0.5358267949789965,
          -7.546355892594799e-17,
          -8.735938472219494e-16
        ],
        [
          0.2679133974894984,
          0.4221639627510076,
          -0.8660254037844385,
          -2.384324262985255e-16
        ],
        [
          -0.46403961648020714,
          -0.7312094326093601,
          -0.5000000000000001,
          5.859883407932388
        ],
        [
          0.0,
          0.0,
          0.0,
          1.0
        ]
      ]
    },
    {
      "image_path": "/data/lvsm_scenes_dense/test/images/32120af8482e47b19430e15cdc1755b0_combined_3/00009.png",
      "fxfycxcy": [
        955.4050067376327,
        955.4050067376327,
        256.0,
        256.0
      ],
      "w2c": [
        [
          -0.9048270524660197,
          0.4257792915650727,
          2.87355464772504e-17,
          3.179892169725582e-16
        ],
        [
          0.21288964578253644,
          0.45241352623300995,
          -0.8660254037844385,
          -4.768648525970509e-16
        ],
        [
          -0.36873568290069425,
          -0.7836032134669679,
          -0.5000000000000002,
          5.859883407932387
        ],
        [
          0.0,
          0.0,
          0.0,
          1.0
        ]
      ]
    },
    {
      "image_path": "/data/lvsm_scenes_dense/test/images/32120af8482e47b19430e15cdc1755b0_combined_3/00010.png",
      "fxfycxcy": [
        955.4050067376327,
        955.4050067376327,
        256.0,
        256.0
      ],
      "w2c": [
        [
          -0.9510565162951535,
          0.3090169943749474,
          2.936798714339101e-17,
          8.701406434281432e-17
        ],
        [
          0.15450849718747373,
          0.47552825814757693,
          -0.8660254037844385,
          2.7435762340375827e-16
        ],
        [
          -0.2676165673298175,
          -0.823639103546332,
          -0.5000000000000001,
          5.859883407932387
        ],
        [
          0.0,
          0.0,
          0.0,
          1.0
        ]
      ]
    },
    {
      "image_path": "/data/lvsm_scenes_dense/test/images/32120af8482e47b19430e15cdc1755b0_combined_3/00011.png",
      "fxfycxcy": [
        955.4050067376327,
        955.4050067376327,
        256.0,
        256.0
      ],
      "w2c": [
        [
          -0.9822872507286885,
          0.18738131458572477,
          -7.03441763109746e-18,
          -3.188367724994126e-17
        ],
        [
          0.0936906572928624,
          0.49114362536434447,
          -0.8660254037844388,
          5.127900497022838e-16
        ],
        [
          -0.16227697862576118,
          -0.8506857129446188,
          -0.5000000000000001,
          5.859883407932387
        ],
        [
          0.0,
          0.0,
          0.0,
          1.0
        ]
      ]
    },
    {
      "image_path": "/data/lvsm_scenes_dense/test/images/32120af8482e47b19430e15cdc1755b0_combined_3/00012.png",
      "fxfycxcy": [
        955.4050067376327,
        955.4050067376327,
        256.0,
        256.0
      ],
      "w2c": [
        [
          -0.9980267284282714,
          0.0627905195293135,
          2.847601516382782e-18,
          8.583388578077402e-17
        ],
        [
          0.03139525976465676,
          0.49901336421413567,
          -0.8660254037844386,
          1.0255800994045674e-15
        ],
        [
          -0.054378185029208416,
          -0.864316500474756,
          -0.5000000000000001,
          5.8598834079323865
        ],
        [
          0.0,
          0.0,
          0.0,
          1.0
        ]
      ]
    },
    {
      "image_path": "/data/lvsm_scenes_dense/test/images/32120af8482e47b19430e15cdc1755b0_combined_3/00013.png",
      "fxfycxcy": [
        955.4050067376327,
        955.4050067376327,
        256.0,
        256.0
      ],
      "w2c": [
        [
          -0.9980267284282714,
          -0.06279051952931336,
          -4.854792219315095e-19,
          -1.5173006869447375e-16
        ],
        [
          -0.03139525976465668,
          0.49901336421413567,
          -0.8660254037844386,
          1.0255800994045674e-15
        ],
        [
          0.05437818502920829,
          -0.864316500474756,
          -0.5000000000000001,
          5.8598834079323865
        ],
        [
          0.0,
          0.0,
          0.0,
          1.0
        ]
      ]
    },
    {
      "image_path": "/data/lvsm_scenes_dense/test/images/32120af8482e47b19430e15cdc1755b0_combined_3/00014.png",
      "fxfycxcy": [
        955.4050067376327,
        955.4050067376327,
        256.0,
        256.0
      ],
      "w2c": [
        [
          -0.9822872507286887,
          -0.1873813145857246,
          -4.680230895225041e-18,
          6.681893638483976e-17
        ],
        [
          -0.0936906572928623,
          0.4911436253643445,
          -0.8660254037844386,
          -2.3843242629852547e-16
        ],
        [
          0.16227697862576104,
          -0.8506857129446187,
          -0.5000000000000001,
          5.859883407932387
        ],
        [
          0.0,
          0.0,
          0.0,
          1.0
        ]
      ]
    },
    {
      "image_path": "/data/lvsm_scenes_dense/test/images/32120af8482e47b19430e15cdc1755b0_combined_3/00015.png",
      "fxfycxcy": [
        955.4050067376327,
        955.4050067376327,
        256.0,
        256.0
      ],
      "w2c": [
        [
          -0.9510565162951536,
          -0.3090169943749472,
          4.0381637963094203e-17,
          -6.195490935493681e-17
        ],
        [
          -0.15450849718747361,
          0.47552825814757693,
          -0.8660254037844388,
          7.871476731060423e-16
        ],
        [
          0.2676165673298172,
          -0.8236391035463319,
          -0.5,
          5.859883407932386
        ],
        [
          0.0,
          0.0,
          0.0,
          1.0
        ]
      ]
    },
    {
      "image_path": "/data/lvsm_scenes_dense/test/images/32120af8482e47b19430e15cdc1755b0_combined_3/00016.png",
      "fxfycxcy": [
        955.4050067376327,
        955.4050067376327,
        256.0,
        256.0
      ],
      "w2c": [
        [
          -0.9048270524660196,
          -0.4257792915650727,
          -2.6139814988489648e-18,
          3.4491973529410573e-16
        ],
        [
          -0.21288964578253647,
          0.4524135262330099,
          -0.8660254037844386,
          -2.3843242629852547e-16
        ],
        [
          0.36873568290069436,
          -0.7836032134669679,
          -0.5000000000000001,
          5.859883407932387
        ],
        [
          0.0,
          0.0,
          0.0,
          1.0
        ]
      ]
    },
    {
      "image_path": "/data/lvsm_scenes_dense/test/images/32120af8482e47b19430e15cdc1755b0_combined_3/00017.png",
      "fxfycxcy": [
        955.4050067376327,
        955.4050067376327,
        256.0,
        256.0
      ],
      "w2c": [
        [
          -0.8443279255020151,
          -0.5358267949789969,
          -2.9608204786708446e-17,
          6.719770942099616e-17
        ],
        [
          -0.2679133974894985,
          0.4221639627510076,
          -0.8660254037844386,
          -2.3843242629852547e-16
        ],
        [
          0.4640396164802074,
          -0.7312094326093599,
          -0.5000000000000001,
          5.859883407932387
        ],
        [
          0.0,
          0.0,
          0.0,
          1.0
        ]
      ]
    },
    {
      "image_path": "/data/lvsm_scenes_dense/test/images/32120af8482e47b19430e15cdc1755b0_combined_3/00018.png",
      "fxfycxcy": [
        955.4050067376327,
        955.4050067376327,
        256.0,
        256.0
      ],
      "w2c": [
        [
          -0.7705132427757893,
          -0.6374239897486896,
          -1.7889286664641524e-17,
          4.824788856500889e-17
        ],
        [
          -0.3187119948743449,
          0.3852566213878946,
          -0.8660254037844385,
          3.7561123800040467e-16
        ],
        [
          0.5520253681039968,
          -0.6672840421961602,
          -0.5000000000000002,
          5.859883407932389
        ],
        [
          0.0,
          0.0,
          0.0,
          1.0
        ]
      ]
    },
    {
      "image_path": "/data/lvsm_scenes_dense/test/images/32120af8482e47b19430e15cdc1755b0_combined_3/00019.png",
      "fxfycxcy": [
        955.4050067376327,
        955.4050067376327,
        256.0,
        256.0
      ],
      "w2c": [
        [
          -0.6845471059286888,
          -0.7289686274214113,
          7.402280347024844e-17,
          -3.4552695580216186e-16
        ],
        [
          -0.36448431371070567,
          0.34227355296434453,
          -0.8660254037844386,
          5.127900497022838e-16
        ],
        [
          0.6313053499088157,
          -0.5928351838213616,
          -0.5000000000000002,
          5.859883407932388
        ],
        [
          0.0,
          0.0,
          0.0,
          1.0
        ]
      ]
    },
    {
      "image_path": "/data/lvsm_scenes_dense/test/images/32120af8482e47b19430e15cdc1755b0_combined_3/00020.png",
      "fxfycxcy": [
        955.4050067376327,
        955.4050067376327,
        256.0,
        256.0
      ],
      "w2c": [
        [
          -0.5877852522924731,
          -0.8090169943749472,
          -1.9054427697988017e-16,
          8.71150064015997e-16
        ],
        [
          -0.40450849718747367,
          0.2938926261462366,
          -0.8660254037844386,
          2.7435762340375837e-16
        ],
        [
          0.7006292692220366,
          -0.5090369604551274,
          -0.5,
          5.8598834079323865
        ],
        [
          0.0,
          0.0,
          0.0,
          1.0
        ]
      ]
    },
    {
      "image_path": "/data/lvsm_scenes_dense/test/images/32120af8482e47b19430e15cdc1755b0_combined_3/00021.png",
      "fxfycxcy": [
        955.4050067376327,
        955.4050067376327,
        256.0,
        256.0
      ],
      "w2c": [
        [
          -0.48175367410171527,
          -0.8763066800438637,
          5.4564721141175387e-17,
          2.1157486426056909e-16
        ],
        [
          -0.438153340021932,
          0.24087683705085772,
          -0.8660254037844386,
          2.743576234037582e-16
        ],
        [
          0.7589038464239879,
          -0.41721092013857486,
          -0.5000000000000001,
          5.859883407932388
        ],
        [
          0.0,
          0.0,
          0.0,
          1.0
        ]
      ]
    },
    {
      "image_path": "/data/lvsm_scenes_dense/test/images/32120af8482e47b19430e15cdc1755b0_combined_3/00022.png",
      "fxfycxcy": [
        955.4050067376327,
        955.4050067376327,
        256.0,
        256.0
      ],
      "w2c": [
        [
          -0.3681245526846782,
          -0.9297764858882513,
          2.582121660176663e-17,
          1.7164175413830378e-16
        ],
        [
          -0.46488824294412584,
          0.18406227634233907,
          -0.8660254037844386,
          -2.3843242629852547e-16
        ],
        [
          0.8052100566206493,
          -0.3188052143817142,
          -0.5000000000000001,
          5.859883407932387
        ],
        [
          0.0,
          0.0,
          0.0,
          1.0
        ]
      ]
    },
    {
      "image_path": "/data/lvsm_scenes_dense/test/images/32120af8482e47b19430e15cdc1755b0_combined_3/00023.png",
      "fxfycxcy": [
        955.4050067376327,
        955.4050067376327,
        256.0,
        256.0
      ],
      "w2c": [
        [
          -0.24868988716485527,
          -0.9685831611286311,
          3.664642525166333e-17,
          -2.7210820189718876e-16
        ],
        [
          -0.4842915805643157,
          0.12434494358242769,
          -0.8660254037844386,
          -2.3843242629852556e-16
        ],
        [
          0.8388176232152307,
          -0.21537175994905028,
          -0.5000000000000001,
          5.859883407932388
        ],
        [
          0.0,
          0.0,
          0.0,
          1.0
        ]
      ]
    },
    {
      "image_path": "/data/lvsm_scenes_dense/test/images/32120af8482e47b19430e15cdc1755b0_combined_3/00024.png",
      "fxfycxcy": [
        955.4050067376327,
        955.4050067376327,
        256.0,
        256.0
      ],
      "w2c": [
        [
          -0.12533323356430454,
          -0.9921147013144779,
          1.9362754809151327e-17,
          -3.137054793485799e-17
        ],
        [
          -0.4960573506572391,
          0.06266661678215228,
          -0.8660254037844386,
          7.871476731060422e-16
        ],
        [
          0.8591965348063484,
          -0.10854176420513617,
          -0.5000000000000001,
          5.8598834079323865
        ],
        [
          0.0,
          0.0,
          0.0,
          1.0
        ]
      ]
    },
    {
      "image_path": "/data/lvsm_scenes_dense/test/images/32120af8482e47b19430e15cdc1755b0_combined_3/00025.png",
      "fxfycxcy": [
        955.4050067376327,
        955.4050067376327,
        256.0,
        256.0
      ],
      "w2c": [
        [
          -1.2246467991473532e-16,
          -1.0,
          5.689399417261665e-33,
          8.267050773204256e-34
        ],
        [
          -0.5000000000000001,
          6.123233995736766e-17,
          -0.8660254037844386,
          2.743576234037584e-16
        ],
        [
          0.8660254037844385,
          -1.0605752387249067e-16,
          -0.5000000000000001,
          5.8598834079323865
        ],
        [
          0.0,
          0.0,
          0.0,
          1.0
        ]
      ]
    },
    {
      "image_path": "/data/lvsm_scenes_dense/test/images/32120af8482e47b19430e15cdc1755b0_combined_3/00026.png",
      "fxfycxcy": [
        955.4050067376327,
        955.4050067376327,
        256.0,
        256.0
      ],
      "w2c": [
        [
          0.12533323356430429,
          -0.9921147013144779,
          -9.49036279200817e-18,
          1.1032229096323117e-16
        ],
        [
          -0.4960573506572391,
          -0.06266661678215216,
          -0.8660254037844386,
          2.743576234037583e-16
        ],
        [
          0.8591965348063484,
          0.10854176420513596,
          -0.5000000000000001,
          5.859883407932387
        ],
        [
          0.0,
          0.0,
          0.0,
          1.0
        ]
      ]
    },
    {
      "image_path": "/data/lvsm_scenes_dense/test/images/32120af8482e47b19430e15cdc1755b0_combined_3/00027.png",
      "fxfycxcy": [
        955.4050067376327,
        955.4050067376327,
        256.0,
        256.0
      ],
      "w2c": [
        [
          0.2486898871648546,
          -0.9685831611286311,
          -3.7249315441434293e-17,
          4.750651363213452e-16
        ],
        [
          -0.48429158056431576,
          -0.12434494358242733,
          -0.8660254037844384,
          -2.384324262985255e-16
        ],
        [
          0.8388176232152309,
          0.21537175994904967,
          -0.5000000000000002,
          5.859883407932388
        ],
        [
          0.0,
          0.0,
          0.0,
          1.0
        ]
      ]
    },
    {
      "image_path": "/data/lvsm_scenes_dense/test/images/32120af8482e47b19430e15cdc1755b0_combined_3/00028.png",
      "fxfycxcy": [
        955.4050067376327,
        955.4050067376327,
        256.0,
        256.0
      ],
      "w2c": [
        [
          0.368124552684678,
          -0.9297764858882513,
          -9.163114824091861e-17,
          1.1669374054491731e-15
        ],
        [
          -0.46488824294412584,
          -0.184062276342339,
          -0.8660254037844384,
          -2.384324262985254e-16
        ],
        [
          0.8052100566206494,
          0.31880521438171405,
          -0.5000000000000002,
          5.859883407932387
        ],
        [
          0.0,
          0.0,
          0.0,
          1.0
        ]
      ]
    },
    {
      "image_path": "/data/lvsm_scenes_dense/test/images/32120af8482e47b19430e15cdc1755b0_combined_3/00029.png",
      "fxfycxcy": [
        955.4050067376327,
        955.4050067376327,
        256.0,
        256.0
      ],
      "w2c": [
        [
          0.4817536741017155,
          -0.8763066800438634,
          -8.195700934891799e-17,
          -1.0612421094623154e-16
        ],
        [
          -0.4381533400219319,
          -0.24087683705085777,
          -0.8660254037844384,
          -2.384324262985255e-16
        ],
        [
          0.7589038464239879,
          0.417210920138575,
          -0.5000000000000002,
          5.859883407932388
        ],
        [
          0.0,
          0.0,
          0.0,
          1.0
        ]
      ]
    },
    {
      "image_path": "/data/lvsm_scenes_dense/test/images/32120af8482e47b19430e15cdc1755b0_combined_3/00030.png",
      "fxfycxcy": [
        955.4050067376327,
        955.4050067376327,
        256.0,
        256.0
      ],
      "w2c": [
        [
          0.5877852522924725,
          -0.8090169943749476,
          1.0846961291944929e-16,
          -3.2200662088705397e-16
        ],
        [
          -0.40450849718747384,
          -0.2938926261462363,
          -0.8660254037844386,
          5.127900497022837e-16
        ],
        [
          0.700629269222037,
          0.5090369604551267,
          -0.5,
          5.859883407932387
        ],
        [
          0.0,
          0.0,
          0.0,
          1.0
        ]
      ]
    },
    {
      "image_path": "/data/lvsm_scenes_dense/test/images/32120af8482e47b19430e15cdc1755b0_combined_3/00031.png",
      "fxfycxcy": [
        955.4050067376327,
        955.4050067376327,
        256.0,
        256.0
      ],
      "w2c": [
        [
          0.6845471059286883,
          -0.7289686274214118,
          6.695807960368431e-17,
          -9.29728831079993e-16
        ],
        [
          -0.36448431371070594,
          -0.34227355296434425,
          -0.8660254037844385,
          7.871476731060422e-16
        ],
        [
          0.6313053499088161,
          0.5928351838213612,
          -0.5000000000000001,
          5.859883407932386
        ],
        [
          0.0,
          0.0,
          0.0,
          1.0
        ]
      ]
    },
    {
      "image_path": "/data/lvsm_scenes_dense/test/images/32120af8482e47b19430e15cdc1755b0_combined_3/00032.png",
      "fxfycxcy": [
        955.4050067376327,
        955.4050067376327,
        256.0,
        256.0
      ],
      "w2c": [
        [
          0.7705132427757893,
          -0.6374239897486895,
          -7.679113595995763e-17,
          6.661355450688177e-16
        ],
        [
          -0.3187119948743448,
          -0.3852566213878948,
          -0.8660254037844388,
          2.743576234037584e-16
        ],
        [
          0.5520253681039967,
          0.6672840421961602,
          -0.5,
          5.8598834079323865
        ],
        [
          0.0,
          0.0,
          0.0,
          1.0
        ]
      ]
    },
    {
      "image_path": "/data/lvsm_scenes_dense/test/images/32120af8482e47b19430e15cdc1755b0_combined_3/00033.png",
      "fxfycxcy": [
        955.4050067376327,
        955.4050067376327,
        256.0,
        256.0
      ],
      "w2c": [
        [
          0.8443279255020153,
          -0.5358267949789963,
          5.131272304247756e-17,
          -1.6009279138721304e-17
        ],
        [
          -0.2679133974894982,
          -0.42216396275100776,
          -0.8660254037844386,
          2.743576234037584e-16
        ],
        [
          0.4640396164802068,
          0.7312094326093602,
          -0.5000000000000001,
          5.8598834079323865
        ],
        [
          0.0,
          0.0,
          0.0,
          1.0
        ]
      ]
    },
    {
      "image_path": "/data/lvsm_scenes_dense/test/images/32120af8482e47b19430e15cdc1755b0_combined_3/00034.png",
      "fxfycxcy": [
        955.4050067376327,
        955.4050067376327,
        256.0,
        256.0
      ],
      "w2c": [
        [
          0.9048270524660197,
          -0.42577929156507216,
          -1.1917399655941266e-17,
          3.05318870911197e-16
        ],
        [
          -0.2128896457825362,
          -0.4524135262330102,
          -0.8660254037844386,
          -2.3843242629852547e-16
        ],
        [
          0.3687356829006939,
          0.7836032134669684,
          -0.5000000000000001,
          5.859883407932387
        ],
        [
          0.0,
          0.0,
          0.0,
          1.0
        ]
      ]
    },
    {
      "image_path": "/data/lvsm_scenes_dense/test/images/32120af8482e47b19430e15cdc1755b0_combined_3/00035.png",
      "fxfycxcy": [
        955.4050067376327,
        955.4050067376327,
        256.0,
        256.0
      ],
      "w2c": [
        [
          0.9510565162951536,
          -0.30901699437494756,
          8.003860831412223e-18,
          -1.2130304470318945e-16
        ],
        [
          -0.1545084971874738,
          -0.47552825814757693,
          -0.8660254037844385,
          -2.384324262985255e-16
        ],
        [
          0.2676165673298176,
          0.823639103546332,
          -0.5000000000000001,
          5.859883407932388
        ],
        [
          0.0,
          0.0,
          0.0,
          1.0
        ]
      ]
    },
    {
      "image_path": "/data/lvsm_scenes_dense/test/images/32120af8482e47b19430e15cdc1755b0_combined_3/00036.png",
      "fxfycxcy": [
        955.4050067376327,
        955.4050067376327,
        256.0,
        256.0
      ],
      "w2c": [
        [
          0.9822872507286887,
          -0.1873813145857246,
          -7.555005570464191e-18,
          1.5922960976122117e-16
        ],
        [
          -0.0936906572928623,
          -0.4911436253643445,
          -0.8660254037844386,
          -2.3843242629852547e-16
        ],
        [
          0.16227697862576104,
          0.8506857129446187,
          -0.5000000000000001,
          5.859883407932387
        ],
        [
          0.0,
          0.0,
          0.0,
          1.0
        ]
      ]
    },
    {
      "image_path": "/data/lvsm_scenes_dense/test/images/32120af8482e47b19430e15cdc1755b0_combined_3/00037.png",
      "fxfycxcy": [
        955.4050067376327,
        955.4050067376327,
        256.0,
        256.0
      ],
      "w2c": [
        [
          0.9980267284282714,
          -0.0627905195293132,
          2.2815495477991367e-18,
          -1.0429320804235253e-17
        ],
        [
          -0.031395259764656604,
          -0.49901336421413583,
          -0.8660254037844386,
          5.127900497022837e-16
        ],
        [
          0.05437818502920815,
          0.8643165004747563,
          -0.5000000000000001,
          5.859883407932388
        ],
        [
          0.0,
          0.0,
          0.0,
          1.0
        ]
      ]
    },
    {
      "image_path": "/data/lvsm_scenes_dense/test/images/32120af8482e47b19430e15cdc1755b0_combined_3/00038.png",
      "fxfycxcy": [
        955.4050067376327,
        955.4050067376327,
        256.0,
        256.0
      ],
      "w2c": [
        [
          0.9980267284282714,
          0.06279051952931282,
          -1.465909991242737e-18,
          -1.3310517555882654e-17
        ],
        [
          0.031395259764656416,
          -0.49901336421413583,
          -0.8660254037844386,
          5.127900497022837e-16
        ],
        [
          -0.054378185029207826,
          0.8643165004747563,
          -0.5000000000000001,
          5.859883407932388
        ],
        [
          0.0,
          0.0,
          0.0,
          1.0
        ]
      ]
    },
    {
      "image_path": "/data/lvsm_scenes_dense/test/images/32120af8482e47b19430e15cdc1755b0_combined_3/00039.png",
      "fxfycxcy": [
        955.4050067376327,
        955.4050067376327,
        256.0,
        256.0
      ],
      "w2c": [
        [
          0.9822872507286888,
          0.1873813145857243,
          2.0125093234814843e-18,
          -5.552386356684826e-17
        ],
        [
          0.09369065729286218,
          -0.4911436253643446,
          -0.8660254037844386,
          2.743576234037583e-16
        ],
        [
          -0.1622769786257608,
          0.8506857129446188,
          -0.5000000000000001,
          5.859883407932387
        ],
        [
          0.0,
          0.0,
          0.0,
          1.0
        ]
      ]
    },
    {
      "image_path": "/data/lvsm_scenes_dense/test/images/32120af8482e47b19430e15cdc1755b0_combined_3/00040.png",
      "fxfycxcy": [
        955.4050067376327,
        955.4050067376327,
        256.0,
        256.0
      ],
      "w2c": [
        [
          0.9510565162951536,
          0.30901699437494723,
          -2.4875634099926797e-17,
          5.4256617427731736e-17
        ],
        [
          0.15450849718747364,
          -0.475528258147577,
          -0.8660254037844386,
          2.743576234037583e-16
        ],
        [
          -0.2676165673298173,
          0.823639103546332,
          -0.5000000000000001,
          5.859883407932387
        ],
        [
          0.0,
          0.0,
          0.0,
          1.0
        ]
      ]
    },
    {
      "image_path": "/data/lvsm_scenes_dense/test/images/32120af8482e47b19430e15cdc1755b0_combined_3/00041.png",
      "fxfycxcy": [
        955.4050067376327,
        955.4050067376327,
        256.0,
        256.0
      ],
      "w2c": [
        [
          0.90482705246602,
          0.42577929156507194,
          -5.456205031050798e-17,
          3.5116203044453924e-16
        ],
        [
          0.21288964578253597,
          -0.4524135262330101,
          -0.8660254037844384,
          -2.384324262985254e-16
        ],
        [
          -0.36873568290069364,
          0.7836032134669685,
          -0.5000000000000002,
          5.859883407932387
        ],
        [
          0.0,
          0.0,
          0.0,
          1.0
        ]
      ]
    },
    {
      "image_path": "/data/lvsm_scenes_dense/test/images/32120af8482e47b19430e15cdc1755b0_combined_3/00042.png",
      "fxfycxcy": [
        955.4050067376327,
        955.4050067376327,
        256.0,
        256.0
      ],
      "w2c": [
        [
          0.844327925502015,
          0.5358267949789968,
          -9.770963330606038e-17,
          2.07901732356343e-16
        ],
        [
          0.26791339748949844,
          -0.4221639627510076,
          -0.8660254037844385,
          -2.3843242629852547e-16
        ],
        [
          -0.46403961648020736,
          0.7312094326093599,
          -0.5000000000000002,
          5.859883407932387
        ],
        [
          0.0,
          0.0,
          0.0,
          1.0
        ]
      ]
    },
    {
      "image_path": "/data/lvsm_scenes_dense/test/images/32120af8482e47b19430e15cdc1755b0_combined_3/00043.png",
      "fxfycxcy": [
        955.4050067376327,
        955.4050067376327,
        256.0,
        256.0
      ],
      "w2c": [
        [
          0.7705132427757895,
          0.6374239897486893,
          1.1067064733849019e-17,
          5.269530379611865e-16
        ],
        [
          0.31871199487434476,
          -0.3852566213878948,
          -0.8660254037844385,
          2.7435762340375837e-16
        ],
        [
          -0.5520253681039965,
          0.6672840421961603,
          -0.5000000000000001,
          5.8598834079323865
        ],
        [
          0.0,
          0.0,
          0.0,
          1.0
        ]
      ]
    },
    {
      "image_path": "/data/lvsm_scenes_dense/test/images/32120af8482e47b19430e15cdc1755b0_combined_3/00044.png",
      "fxfycxcy": [
        955.4050067376327,
        955.4050067376327,
        256.0,
        256.0
      ],
      "w2c": [
        [
          0.6845471059286888,
          0.7289686274214113,
          7.402280347024844e-17,
          3.7678590774539303e-16
        ],
        [
          0.36448431371070567,
          -0.34227355296434453,
          -0.8660254037844386,
          5.127900497022838e-16
        ],
        [
          -0.6313053499088157,
          0.5928351838213616,
          -0.5000000000000002,
          5.859883407932387
        ],
        [
          0.0,
          0.0,
          0.0,
          1.0
        ]
      ]
    },
    {
      "image_path": "/data/lvsm_scenes_dense/test/images/32120af8482e47b19430e15cdc1755b0_combined_3/00045.png",
      "fxfycxcy": [
        955.4050067376327,
        955.4050067376327,
        256.0,
        256.0
      ],
      "w2c": [
        [
          0.5877852522924731,
          0.8090169943749472,
          -1.9054427697988017e-16,
          8.71150064015997e-16
        ],
        [
          0.40450849718747367,
          -0.2938926261462366,
          -0.8660254037844386,
          2.7435762340375837e-16
        ],
        [
          -0.7006292692220366,
          0.5090369604551274,
          -0.5,
          5.8598834079323865
        ],
        [
          0.0,
          0.0,
          0.0,
          1.0
        ]
      ]
    },
    {
      "image_path": "/data/lvsm_scenes_dense/test/images/32120af8482e47b19430e15cdc1755b0_combined_3/00046.png",
      "fxfycxcy": [
        955.4050067376327,
        955.4050067376327,
        256.0,
        256.0
      ],
      "w2c": [
        [
          0.48175367410171605,
          0.876306680043863,
          4.252944657524459e-18,
          -5.082334364263968e-16
        ],
        [
          0.43815334002193174,
          -0.24087683705085813,
          -0.8660254037844386,
          2.743576234037583e-16
        ],
        [
          -0.7589038464239874,
          0.4172109201385755,
          -0.5000000000000001,
          5.859883407932387
        ],
        [
          0.0,
          0.0,
          0.0,
          1.0
        ]
      ]
    },
    {
      "image_path": "/data/lvsm_scenes_dense/test/images/32120af8482e47b19430e15cdc1755b0_combined_3/00047.png",
      "fxfycxcy": [
        955.4050067376327,
        955.4050067376327,
        256.0,
        256.0
      ],
      "w2c": [
        [
          0.3681245526846779,
          0.9297764858882515,
          3.567612858924654e-17,
          -5.424782100944401e-16
        ],
        [
          0.4648882429441259,
          -0.18406227634233896,
          -0.8660254037844386,
          2.743576234037582e-16
        ],
        [
          -0.8052100566206494,
          0.318805214381714,
          -0.5000000000000001,
          5.859883407932388
        ],
        [
          0.0,
          0.0,
          0.0,
          1.0
        ]
      ]
    },
    {
      "image_path": "/data/lvsm_scenes_dense/test/images/32120af8482e47b19430e15cdc1755b0_combined_3/00048.png",
      "fxfycxcy": [
        955.4050067376327,
        955.4050067376327,
        256.0,
        256.0
      ],
      "w2c": [
        [
          0.24868988716485535,
          0.968583161128631,
          5.180115967051748e-18,
          -2.867649037750057e-16
        ],
        [
          0.4842915805643155,
          -0.12434494358242766,
          -0.8660254037844386,
          -0.0
        ],
        [
          -0.8388176232152307,
          0.2153717599490503,
          -0.5000000000000001,
          5.859883407932388
        ],
        [
          0.0,
          0.0,
          0.0,
          1.0
        ]
      ]
    },
    {
      "image_path": "/data/lvsm_scenes_dense/test/images/32120af8482e47b19430e15cdc1755b0_combined_3/00049.png",
      "fxfycxcy": [
        955.4050067376327,
        955.4050067376327,
        256.0,
        256.0
      ],
      "w2c": [
        [
          0.12533323356430465,
          0.9921147013144778,
          -1.1545179160260898e-18,
          5.1402093785050174e-17
        ],
        [
          0.496057350657239,
          -0.06266661678215234,
          -0.8660254037844388,
          1.0255800994045676e-15
        ],
        [
          -0.8591965348063484,
          0.1085417642051363,
          -0.5000000000000001,
          5.8598834079323865
        ],
        [
          0.0,
          0.0,
          0.0,
          1.0
        ]
      ]
    }
  ]
}