{
  "scene_name": "36ae25f3e3ce485ca78ae6c81bd08b00_area_0",
  "frames": [
    {
      "image_path": "/data/lvsm_scenes_dense/test/images/36ae25f3e3ce485ca78ae6c81bd08b00_area_0/00000.png",
      "fxfycxcy": [
        955.4050067376327,
        955.4050067376327,
        256.0,
        256.0
      ],
      "w2c": [
        [
          0.0,
          1.0,
          0.0,
          0.0
        ],
        [
          0.5000000000000001,
          -0.0,
          -0.8660254037844386,
          2.743576234037584e-16
        ],
        [
          -0.8660254037844385,
          -0.0,
          -0.5000000000000001,
          5.8598834079323865
        ],
        [
          0.0,
          0.0,
          0.0,
          1.0
        ]
      ]
    },
    {
      "image_path": "/data/lvsm_scenes_dense/test/images/36ae25f3e3ce485ca78ae6c81bd08b00_area_0/00001.png",
      "fxfycxcy": [
        955.4050067376327,
        955.4050067376327,
        256.0,
        256.0
      ],
      "w2c": [
        [
          -0.12533323356430423,
          0.9921147013144779,
          -1.2736309922724141e-17,
          8.822600452842827e-17
        ],
        [
          0.4960573506572391,
          0.06266661678215214,
          -0.8660254037844386,
          2.743576234037583e-16
        ],
        [
          -0.8591965348063484,
          -0.10854176420513593,
          -0.5000000000000001,
          5.859883407932387
        ],
        [
          0.0,
          0.0,
          0.0,
          1.0
        ]
      ]
    },
    {
      "image_path": "/data/lvsm_scenes_dense/test/images/36ae25f3e3ce485ca78ae6c81bd08b00_area_0/00002.png",
      "fxfycxcy": [
        955.4050067376327,
        955.4050067376327,
        256.0,
        256.0
      ],
      "w2c": [
        [
          -0.24868988716485477,
          0.9685831611286311,
          -9.772331941482681e-18,
          -1.7873519944135326e-17
        ],
        [
          0.4842915805643157,
          0.12434494358242741,
          -0.8660254037844386,
          2.743576234037584e-16
        ],
        [
          -0.8388176232152307,
          -0.2153717599490498,
          -0.5000000000000001,
          5.8598834079323865
        ],
        [
          0.0,
          0.0,
          0.0,
          1.0
        ]
      ]
    },
    {
      "image_path": "/data/lvsm_scenes_dense/test/images/36ae25f3e3ce485ca78ae6c81bd08b00_area_0/00003.png",
      "fxfycxcy": [
        955.4050067376327,
        955.4050067376327,
        256.0,
        256.0
      ],
      "w2c": [
        [
          -0.368124552684678,
          0.9297764858882513,
          -9.163114824091861e-17,
          1.1669374054491731e-15
        ],
        [
          0.46488824294412584,
          0.184062276342339,
          -0.8660254037844384,
          -2.384324262985254e-16
        ],
        [
          -0.8052100566206494,
          -0.31880521438171405,
          -0.5000000000000002,
          5.859883407932387
        ],
        [
          0.0,
          0.0,
          0.0,
          1.0
        ]
      ]
    },
    {
      "image_path": "/data/lvsm_scenes_dense/test/images/36ae25f3e3ce485ca78ae6c81bd08b00_area_0/00004.png",
      "fxfycxcy": [
        955.4050067376327,
        955.4050067376327,
        256.0,
        256.0
      ],
      "w2c": [
        [
          -0.4817536741017153,
          0.8763066800438636,
          5.708674685562926e-17,
          -2.7598546086921436e-17
        ],
        [
          0.43815334002193196,
          0.24087683705085772,
          -0.8660254037844388,
          2.743576234037583e-16
        ],
        [
          -0.7589038464239878,
          -0.4172109201385748,
          -0.5,
          5.859883407932387
        ],
        [
          0.0,
          0.0,
          0.0,
          1.0
        ]
      ]
    },
    {
      "image_path": "/data/lvsm_scenes_dense/test/images/36ae25f3e3ce485ca78ae6c81bd08b00_area_0/00005.png",
      "fxfycxcy": [
        955.4050067376327,
        955.4050067376327,
        256.0,
        256.0
      ],
      "w2c": [
        [
          -0.5877852522924731,
          0.8090169943749477,
          8.089138851855895e-17,
          -1.5954845789290955e-15
        ],
        [
          0.4045084971874737,
          0.2938926261462365,
          -0.8660254037844386,
          1.538370149106851e-15
        ],
        [
          -0.7006292692220368,
          -0.509036960455127,
          -0.5,
          5.859883407932386
        ],
        [
          0.0,
          0.0,
          0.0,
          1.0
        ]
      ]
    },
    {
      "image_path": "/data/lvsm_scenes_dense/test/images/36ae25f3e3ce485ca78ae6c81bd08b00_area_0/00006.png",
      "fxfycxcy": [
        955.4050067376327,
        955.4050067376327,
        256.0,
        256.0
      ],
      "w2c": [
        [
          -0.6845471059286886,
          0.7289686274214117,
          1.1296912026117927e-16,
          1.4743566150591102e-16
        ],
        [
          0.3644843137107059,
          0.3422735529643444,
          -0.8660254037844389,
          1.0255800994045678e-15
        ],
        [
          -0.6313053499088159,
          -0.5928351838213612,
          -0.5000000000000001,
          5.859883407932388
        ],
        [
          0.0,
          0.0,
          0.0,
          1.0
        ]
      ]
    },
    {
      "image_path": "/data/lvsm_scenes_dense/test/images/36ae25f3e3ce485ca78ae6c81bd08b00_area_0/00007.png",
      "fxfycxcy": [
        955.4050067376327,
        955.4050067376327,
        256.0,
        256.0
      ],
      "w2c": [
        [
          -0.7705132427757893,
          0.6374239897486896,
          1.7889286664641524e-17,
          -4.824788856500889e-17
        ],
        [
          0.3187119948743449,
          0.3852566213878946,
          -0.8660254037844385,
          3.7561123800040467e-16
        ],
        [
          -0.5520253681039968,
          -0.6672840421961602,
          -0.5000000000000002,
          5.859883407932389
        ],
        [
          0.0,
          0.0,
          0.0,
          1.0
        ]
      ]
    },
    {
      "image_path": "/data/lvsm_scenes_dense/test/images/36ae25f3e3ce485ca78ae6c81bd08b00_area_0/00008.png",
      "fxfycxcy": [
        955.4050067376327,
        955.4050067376327,
        256.0,
        256.0
      ],
      "w2c": [
        [
          -0.8443279255020151,
          0.5358267949789965,
          -7.546355892594799e-17,
          -8.735938472219494e-16
        ],
        [
          0.2679133974894984,
          0.4221639627510076,
          -0.8660254037844385,
          -2.384324262985255e-16
        ],
        [
          -0.46403961648020714,
          -0.7312094326093601,
          -0.5000000000000001,
          5.859883407932388
        ],
        [
          0.0,
          0.0,
          0.0,
          1.0
        ]
      ]
    },
    {
      "image_path": "/data/lvsm_scenes_dense/test/images/36ae25f3e3ce485ca78ae6c81bd08b00_area_0/00009.png",
      "fxfycxcy": [
        955.4050067376327,
        955.4050067376327,
        256.0,
        256.0
      ],
      "w2c": [
        [
          -0.9048270524660197,
          0.4257792915650727,
          2.87355464772504e-17,
          3.179892169725582e-16
        ],
        [
          0.21288964578253644,
          0.45241352623300995,
          -0.8660254037844385,
          -4.768648525970509e-16
        ],
        [
          -0.36873568290069425,
          -0.7836032134669679,
          -0.5000000000000002,
          5.859883407932387
        ],
        [
          0.0,
          0.0,
          0.0,
          1.0
        ]
      ]
    },
    {
      "image_path": "/data/lvsm_scenes_dense/test/images/36ae25f3e3ce485ca78ae6c81bd08b00_area_0/00010.png",
      "fxfycxcy": [
        955.4050067376327,
        955.4050067376327,
        256.0,
        256.0
      ],
      "w2c": [
        [
          -0.9510565162951535,
          0.3090169943749474,
          2.936798714339101e-17,
          8.701406434281432e-17
        ],
        [
          0.15450849718747373,
          0.47552825814757693,
          -0.8660254037844385,
          2.7435762340375827e-16
        ],
        [
          -0.2676165673298175,
          -0.823639103546332,
          -0.5000000000000001,
          5.859883407932387
        ],
        [
          0.0,
          0.0,
          0.0,
          1.0
        ]
      ]
    },
    {
      "image_path": "/data/lvsm_scenes_dense/test/images/36ae25f3e3ce485ca78ae6c81bd08b00_area_0/00011.png",
      "fxfycxcy": [
        955.4050067376327,
        955.4050067376327,
        256.0,
        256.0
      ],
      "w2c": [
        [
          -0.9822872507286885,
          0.18738131458572477,
          -7.03441763109746e-18,
          -3.188367724994126e-17
        ],
        [
          0.0936906572928624,
          0.49114362536434447,
          -0.8660254037844388,
          5.127900497022838e-16
        ],
        [
          -0.16227697862576118,
          -0.8506857129446188,
          -0.5000000000000001,
          5.859883407932387
        ],
        [
          0.0,
          0.0,
          0.0,
          1.0
        ]
      ]
    },
    {
      "image_path": "/data/lvsm_scenes_dense/test/images/36ae25f3e3ce485ca78ae6c81bd08b00_area_0/00012.png",
      "fxfycxcy": [
        955.4050067376327,
        955.4050067376327,
        256.0,
        256.0
      ],
      "w2c": [
        [
          -0.9980267284282714,
          0.0627905195293135,
          2.847601516382782e-18,
          8.583388578077402e-17
        ],
        [
          0.03139525976465676,
          0.49901336421413567,
          -0.8660254037844386,
          1.0255800994045674e-15
        ],
        [
          -0.054378185029208416,
          -0.864316500474756,
          -0.5000000000000001,
          5.8598834079323865
        ],
        [
          0.0,
          0.0,
          0.0,
          1.0
        ]
      ]
    },
    {
      "image_path": "/data/lvsm_scenes_dense/test/images/36ae25f3e3ce485ca78ae6c81bd08b00_area_0/00013.png",
      "fxfycxcy": [
        955.4050067376327,
        955.4050067376327,
        256.0,
        256.0
      ],
      "w2c": [
        [
          -0.9980267284282714,
          -0.06279051952931336,
          -4.854792219315095e-19,
          -1.5173006869447375e-16
        ],
        [
          -0.03139525976465668,
          0.49901336421413567,
          -0.8660254037844386,
          1.0255800994045674e-15
        ],
        [
          0.05437818502920829,
          -0.864316500474756,
          -0.5000000000000001,
          5.8598834079323865
        ],
        [
          0.0,
          0.0,
          0.0,
          1.0
        ]
      ]
    },
    {
      "image_path": "/data/lvsm_scenes_dense/test/images/36ae25f3e3ce485ca78ae6c81bd08b00_area_0/00014.png",
      "fxfycxcy": [
        955.4050067376327,
        955.4050067376327,
        256.0,
        256.0
      ],
      "w2c": [
        [
          -0.9822872507286887,
          -0.1873813145857246,
          -4.680230895225041e-18,
          6.681893638483976e-17
        ],
        [
          -0.0936906572928623,
          0.4911436253643445,
          -0.8660254037844386,
          -2.3843242629852547e-16
        ],
        [
          0.16227697862576104,
          -0.8506857129446187,
          -0.5000000000000001,
          5.859883407932387
        ],
        [
          0.0,
          0.0,
          0.0,
          1.0
        ]
      ]
    },
    {
      "image_path": "/data/lvsm_scenes_dense/test/images/36ae25f3e3ce485ca78ae6c81bd08b00_area_0/00015.png",
      "fxfycxcy": [
        955.4050067376327,
        955.4050067376327,
        256.0,
        256.0
      ],
      "w2c": [
        [
          -0.9510565162951536,
          -0.3090169943749472,
          4.0381637963094203e-17,
          -6.195490935493681e-17
        ],
        [
          -0.15450849718747361,
          0.47552825814757693,
          -0.8660254037844388,
          7.871476731060423e-16
        ],
        [
          0.2676165673298172,
          -0.8236391035463319,
          -0.5,
          5.859883407932386
        ],
        [
          0.0,
          0.0,
          0.0,
          1.0
        ]
      ]
    },
    {
      "image_path": "/data/lvsm_scenes_dense/test/images/36ae25f3e3ce485ca78ae6c81bd08b00_area_0/00016.png",
      "fxfycxcy": [
        955.4050067376327,
        955.4050067376327,
        256.0,
        256.0
      ],
      "w2c": [
        [
          -0.9048270524660196,
          -0.4257792915650727,
          -2.6139814988489648e-18,
          3.4491973529410573e-16
        ],
        [
          -0.21288964578253647,
          0.4524135262330099,
          -0.8660254037844386,
          -2.3843242629852547e-16
        ],
        [
          0.36873568290069436,
          -0.7836032134669679,
          -0.5000000000000001,
          5.859883407932387
        ],
        [
          0.0,
          0.0,
          0.0,
          1.0
        ]
      ]
    },
    {
      "image_path": "/data/lvsm_scenes_dense/test/images/36ae25f3e3ce485ca78ae6c81bd08b00_area_0/00017.png",
      "fxfycxcy": [
        955.4050067376327,
        955.4050067376327,
        256.0,
        256.0
      ],
      "w2c": [
        [
          -0.8443279255020151,
          -0.5358267949789969,
          -2.9608204786708446e-17,
          6.719770942099616e-17
        ],
        [
          -0.2679133974894985,
          0.4221639627510076,
          -0.8660254037844386,
          -2.3843242629852547e-16
        ],
        [
          0.4640396164802074,
          -0.7312094326093599,
          -0.5000000000000001,
          5.859883407932387
        ],
        [
          0.0,
          0.0,
          0.0,
          1.0
        ]
      ]
    },
    {
      "image_path": "/data/lvsm_scenes_dense/test/images/36ae25f3e3ce485ca78ae6c81bd08b00_area_0/00018.png",
      "fxfycxcy": [
        955.4050067376327,
        955.4050067376327,
        256.0,
        256.0
      ],
      "w2c": [
        [
          -0.7705132427757893,
          -0.6374239897486896,
          -1.7889286664641524e-17,
          4.824788856500889e-17
        ],
        [
          -0.3187119948743449,
          0.3852566213878946,
          -0.8660254037844385,
          3.7561123800040467e-16
        ],
        [
          0.5520253681039968,
          -0.6672840421961602,
          -0.5000000000000002,
          5.859883407932389
        ],
        [
          0.0,
          0.0,
          0.0,
          1.0
        ]
      ]
    }
  ]
}